9 583
14 626
40 453
67 274
67 400
73 511
89 515
99 660
129 381
130 464
137 78
175 935
177 799
186 490
197 608
197 364
207 542
229 262
234 1008
243 546
270 437
278 149
288 957
298 571
303 102
311 694
356 736
391 771
397 346
408 517
410 1027
418 777
439 552
473 614
503 764
517 353
523 700
547 587
558 216
569 87
603 107
621 629
673 431
675 194
706 616
766 326
795 532
834 258
840 677
845 469
857 966
873 824
881 388
885 440
946 630
946 606
951 555
981 444
989 196
990 580
1003 899
1069 184
1131 242
1137 102
1178 912
1180 56
1264 522
1317 277
1325 848
1332 296
1355 426
1368 219
1385 545
1405 161
1408 647
1452 454
1460 123
1517 510
1520 961
1557 543
1557 517
1701 734
1710 916
1722 419
1738 1012
1743 660
1761 848
1783 674
1783 189
1788 573
1797 869
1809 933
1815 889
1815 203
1862 68
1878 280
1888 657
1913 853
1977 615
2011 439
