0 680
7 357
17 192
20 579
24 56
32 370
33 516
34 407
42 265
46 916
52 340
67 640
76 381
82 438
87 422
87 385
95 727
96 557
98 415
105 227
106 423
107 282
108 233
110 133
112 752
132 65
139 745
142 753
151 202
152 469
165 571
166 682
171 712
173 907
178 652
188 622
195 670
195 417
208 815
212 606
217 897
218 420
222 828
229 691
231 68
235 299
239 330
246 750
249 433
251 939
264 476
266 241
269 968
274 112
278 391
279 707
280 284
280 430
285 605
299 336
302 348
311 264
317 459
317 188
341 339
343 238
345 562
346 370
352 213
355 632
356 126
363 275
365 512
367 227
368 48
369 185
373 844
389 550
391 520
397 878
400 324
401 634
404 184
405 655
413 690
415 681
416 222
432 680
432 750
433 550
438 1046
438 501
439 360
441 163
442 939
450 367
453 716
454 864
455 481
459 180
469 464
473 230
476 923
476 818
484 582
489 610
490 356
491 664
495 375
499 382
502 690
505 282
510 766
511 276
518 211
521 356
522 712
531 495
534 219
549 839
550 841
556 375
575 630
583 707
584 139
585 288
586 320
588 340
589 554
592 477
593 428
596 355
596 842
608 398
608 297
610 405
611 818
615 234
623 406
624 680
633 793
635 1047
638 851
646 1058
664 651
666 594
689 546
689 978
694 103
702 590
708 814
711 468
726 412
729 348
753 738
755 790
760 312
772 446
775 437
776 566
776 746
784 683
788 858
788 350
792 405
794 506
794 658
796 691
800 815
808 839
819 829
824 647
824 627
825 962
830 445
833 192
840 653
852 606
868 491
870 626
875 547
875 847
876 1050
877 594
890 568
890 324
893 840
904 443
925 480
926 632
929 717
945 646
950 473
952 472
981 620
982 958
989 676
989 813
1000 804
1000 162
