0 941
7 564
17 85
20 491
24 727
32 544
33 300
34 700
42 302
46 734
52 481
67 512
76 1156
82 141
87 382
87 276
95 459
96 73
98 214
105 439
106 803
107 279
108 152
110 265
112 340
132 262
139 460
142 841
151 58
152 381
165 655
166 653
171 730
173 761
178 900
188 637
195 426
195 417
208 435
212 316
217 981
218 428
222 949
229 894
231 765
235 146
239 742
246 503
249 336
251 504
264 577
266 468
269 630
274 670
278 264
279 797
280 883
280 353
285 244
299 357
302 704
311 364
317 1128
317 711
341 329
343 802
345 451
346 505
352 227
355 944
356 418
363 397
365 487
367 384
368 1095
369 248
373 697
389 947
391 565
397 198
400 767
401 295
404 161
405 918
413 760
415 862
416 438
432 465
432 683
433 512
438 766
438 470
439 645
441 603
442 1013
450 252
453 590
454 402
455 150
459 679
469 853
473 857
476 855
476 601
484 134
489 268
490 345
491 753
495 428
499 214
502 792
505 417
510 322
511 436
518 480
521 949
522 96
531 895
534 261
549 231
550 409
556 155
575 273
583 527
584 398
585 703
586 251
588 1251
589 399
592 183
593 182
596 482
596 559
608 650
608 223
610 690
611 911
615 174
623 806
624 708
633 974
635 824
638 462
646 194
664 682
666 639
689 504
689 126
694 584
702 878
708 703
711 285
726 350
729 697
753 502
755 820
760 662
772 623
775 887
776 852
776 30
784 569
788 384
788 912
792 994
794 463
794 626
796 35
800 821
808 375
819 481
824 334
824 317
825 996
830 1077
833 554
840 369
852 253
868 478
870 473
875 772
875 986
876 560
877 223
890 478
890 510
893 265
904 481
925 528
926 673
929 717
945 288
950 65
952 630
981 677
982 736
989 627
989 654
1000 676
1000 363
