9 425
14 844
40 659
67 561
67 710
73 299
89 634
99 612
129 482
130 97
137 675
175 351
177 247
186 297
197 295
197 440
207 543
229 287
234 1008
243 929
270 417
278 181
288 316
298 823
303 183
311 904
356 1162
391 351
397 333
408 711
410 326
418 657
439 344
473 476
503 359
517 187
523 719
547 437
558 640
569 514
603 273
621 550
673 527
675 347
706 716
766 218
795 750
834 620
840 386
845 500
857 629
873 754
881 326
885 513
946 311
946 473
951 606
981 315
989 832
990 556
1003 667
1069 281
1131 119
1137 159
1178 689
1180 125
1264 428
1317 604
1325 350
1332 501
1355 602
1368 729
1385 407
1405 292
1408 628
1452 690
1460 435
1517 37
1520 169
1557 967
1557 251
1701 933
1710 526
1722 650
1738 491
1743 253
1761 796
1783 873
1783 160
1788 75
1797 189
1809 371
1815 679
1815 583
1862 275
1878 359
1888 707
1913 747
1977 381
2011 168
